[33, 0, 0, 0, 0, 0, 1, 0, 0, 0]
[0, 38, 0, 0, 0, 0, 0, 0, 0, 1]
[0, 0, 38, 0, 0, 0, 0, 0, 0, 0]
[0, 0, 0, 35, 0, 0, 0, 0, 0, 1]
[0, 0, 0, 0, 46, 0, 0, 0, 0, 2]
[0, 0, 0, 0, 0, 34, 0, 0, 0, 0]
[0, 0, 0, 0, 0, 0, 32, 0, 0, 0]
[0, 0, 0, 0, 0, 0, 0, 39, 0, 0]
[0, 2, 0, 0, 1, 0, 0, 0, 36, 0]
[0, 1, 0, 0, 0, 0, 0, 1, 0, 41]
372 10
PERFORMANCE for K=1: 
[0.9738219895287958]
[72, 0, 0, 0, 0, 0, 1, 0, 0, 0]
[0, 83, 0, 0, 0, 0, 0, 0, 0, 1]
[0, 0, 75, 0, 0, 0, 0, 0, 0, 0]
[0, 0, 0, 72, 0, 0, 0, 0, 0, 1]
[0, 0, 0, 0, 75, 0, 0, 0, 0, 2]
[0, 0, 0, 0, 0, 73, 0, 0, 0, 1]
[0, 0, 0, 0, 0, 0, 78, 0, 0, 0]
[0, 0, 0, 0, 0, 0, 0, 83, 0, 0]
[0, 2, 1, 0, 1, 0, 0, 0, 63, 0]
[0, 1, 0, 0, 0, 0, 0, 1, 0, 78]
380 2
PERFORMANCE for K=1: 
[0.9738219895287958, 0.9947643979057592]
[110, 0, 0, 0, 0, 0, 1, 0, 0, 0]
[0, 119, 0, 0, 0, 0, 0, 0, 0, 1]
[0, 0, 116, 0, 0, 0, 0, 0, 0, 0]
[0, 0, 0, 107, 0, 1, 0, 0, 0, 1]
[0, 0, 0, 0, 112, 0, 0, 0, 0, 2]
[0, 0, 0, 0, 0, 114, 0, 0, 1, 1]
[0, 0, 0, 0, 0, 0, 114, 0, 0, 0]
[0, 0, 0, 0, 0, 0, 0, 119, 0, 0]
[0, 4, 1, 0, 1, 0, 0, 0, 101, 0]
[0, 1, 0, 1, 0, 0, 0, 1, 0, 117]
377 5
PERFORMANCE for K=1: 
[0.9738219895287958, 0.9947643979057592, 0.9869109947643979]
[145, 0, 0, 0, 0, 0, 1, 0, 0, 0]
[0, 159, 0, 0, 0, 0, 0, 0, 0, 1]
[0, 0, 154, 0, 0, 0, 0, 0, 0, 0]
[0, 0, 0, 149, 0, 1, 0, 0, 0, 1]
[0, 0, 0, 0, 148, 0, 0, 0, 0, 2]
[0, 0, 0, 0, 0, 150, 0, 0, 1, 3]
[0, 0, 0, 0, 0, 0, 153, 0, 0, 0]
[0, 0, 0, 0, 0, 0, 0, 161, 0, 0]
[0, 5, 1, 0, 1, 0, 0, 0, 135, 0]
[0, 1, 0, 1, 1, 0, 0, 3, 0, 151]
376 6
PERFORMANCE for K=1: 
[0.9738219895287958, 0.9947643979057592, 0.9869109947643979, 0.9842931937172775]
[184, 0, 0, 0, 1, 0, 1, 0, 0, 0]
[0, 194, 0, 0, 0, 0, 0, 0, 0, 1]
[0, 0, 193, 0, 0, 0, 0, 0, 1, 0]
[0, 0, 0, 195, 0, 1, 0, 0, 0, 1]
[0, 0, 0, 0, 182, 0, 0, 1, 0, 2]
[0, 0, 0, 1, 0, 177, 0, 0, 1, 3]
[0, 2, 0, 0, 0, 0, 191, 0, 0, 0]
[0, 0, 0, 0, 0, 0, 0, 199, 0, 0]
[0, 6, 1, 1, 1, 0, 0, 0, 169, 0]
[0, 1, 0, 1, 1, 1, 0, 3, 0, 194]
373 9
PERFORMANCE for K=1: 
[0.9738219895287958, 0.9947643979057592, 0.9869109947643979, 0.9842931937172775, 0.9764397905759162]
[226, 0, 0, 0, 1, 0, 1, 0, 0, 0]
[0, 235, 0, 0, 0, 0, 0, 0, 0, 1]
[0, 0, 234, 0, 0, 0, 0, 0, 1, 0]
[0, 1, 0, 231, 0, 1, 0, 0, 0, 1]
[0, 0, 0, 0, 224, 0, 0, 1, 0, 2]
[0, 0, 0, 1, 0, 219, 0, 0, 1, 3]
[0, 2, 0, 0, 0, 0, 223, 0, 0, 0]
[0, 0, 0, 0, 0, 0, 0, 234, 0, 0]
[1, 6, 1, 2, 1, 0, 0, 0, 207, 0]
[0, 3, 0, 1, 1, 1, 0, 3, 0, 222]
377 5
PERFORMANCE for K=1: 
[0.9738219895287958, 0.9947643979057592, 0.9869109947643979, 0.9842931937172775, 0.9764397905759162, 0.9869109947643979]
[259, 0, 0, 0, 1, 0, 1, 0, 0, 0]
[0, 274, 0, 0, 0, 0, 1, 0, 0, 1]
[0, 0, 268, 0, 0, 0, 0, 0, 1, 0]
[0, 1, 1, 261, 0, 1, 0, 0, 1, 1]
[0, 0, 0, 0, 273, 0, 0, 1, 0, 2]
[0, 1, 0, 1, 0, 258, 0, 0, 1, 3]
[0, 2, 0, 0, 0, 0, 262, 0, 0, 0]
[0, 0, 0, 0, 0, 0, 0, 276, 0, 0]
[1, 7, 1, 2, 1, 0, 0, 0, 236, 0]
[0, 3, 0, 1, 1, 1, 0, 4, 0, 264]
376 6
PERFORMANCE for K=1: 
[0.9738219895287958, 0.9947643979057592, 0.9869109947643979, 0.9842931937172775, 0.9764397905759162, 0.9869109947643979, 0.9842931937172775]
[290, 0, 0, 0, 1, 0, 1, 0, 0, 0]
[0, 309, 0, 1, 0, 0, 1, 1, 0, 1]
[0, 0, 304, 0, 0, 0, 0, 0, 1, 0]
[0, 1, 1, 302, 0, 1, 0, 0, 1, 1]
[0, 0, 0, 0, 308, 0, 0, 1, 0, 2]
[0, 1, 0, 1, 0, 304, 0, 0, 1, 4]
[0, 2, 0, 0, 0, 0, 304, 0, 0, 0]
[0, 0, 0, 0, 0, 0, 0, 314, 0, 0]
[1, 7, 1, 2, 1, 0, 0, 0, 280, 0]
[0, 3, 0, 1, 1, 1, 0, 4, 0, 295]
379 3
PERFORMANCE for K=1: 
[0.9738219895287958, 0.9947643979057592, 0.9869109947643979, 0.9842931937172775, 0.9764397905759162, 0.9869109947643979, 0.9842931937172775, 0.9921465968586387]
[331, 0, 0, 0, 1, 0, 1, 0, 0, 0]
[0, 345, 1, 1, 0, 0, 1, 1, 0, 1]
[0, 0, 339, 0, 0, 0, 0, 0, 1, 0]
[0, 2, 1, 339, 0, 1, 0, 0, 1, 2]
[0, 0, 0, 0, 343, 0, 1, 1, 0, 2]
[0, 1, 0, 1, 0, 336, 0, 0, 1, 4]
[0, 2, 0, 0, 0, 0, 342, 0, 0, 0]
[0, 0, 0, 0, 0, 0, 0, 352, 0, 0]
[1, 8, 1, 2, 1, 0, 0, 0, 321, 0]
[0, 3, 0, 1, 1, 1, 0, 4, 0, 339]
377 5
PERFORMANCE for K=1: 
[0.9738219895287958, 0.9947643979057592, 0.9869109947643979, 0.9842931937172775, 0.9764397905759162, 0.9869109947643979, 0.9842931937172775, 0.9921465968586387, 0.9869109947643979]
[374, 0, 0, 0, 1, 0, 1, 0, 0, 0]
[0, 384, 1, 1, 0, 0, 1, 1, 0, 1]
[0, 0, 379, 0, 0, 0, 0, 0, 1, 0]
[0, 2, 1, 382, 0, 1, 0, 0, 1, 2]
[0, 0, 0, 0, 383, 0, 1, 1, 0, 2]
[0, 1, 0, 1, 0, 369, 0, 0, 1, 4]
[0, 2, 0, 0, 0, 0, 373, 0, 0, 0]
[0, 0, 0, 1, 1, 0, 0, 384, 0, 0]
[1, 10, 1, 2, 1, 0, 0, 0, 364, 1]
[0, 3, 0, 1, 1, 2, 0, 4, 1, 370]
375 7
PERFORMANCE for K=1: 
[0.9738219895287958, 0.9947643979057592, 0.9869109947643979, 0.9842931937172775, 0.9764397905759162, 0.9869109947643979, 0.9842931937172775, 0.9921465968586387, 0.9869109947643979, 0.981675392670157]
PERFORMANCE AVERAGE: 0.984817
[33, 0, 0, 0, 0, 0, 1, 0, 0, 0]
[0, 38, 0, 0, 0, 0, 0, 0, 0, 1]
[0, 0, 38, 0, 0, 0, 0, 0, 0, 0]
[0, 0, 0, 35, 0, 0, 0, 0, 0, 1]
[0, 0, 0, 0, 44, 0, 0, 0, 0, 4]
[0, 0, 0, 0, 0, 33, 0, 0, 0, 1]
[0, 0, 0, 0, 0, 0, 32, 0, 0, 0]
[0, 1, 0, 0, 0, 0, 0, 38, 0, 0]
[0, 2, 0, 0, 1, 0, 0, 0, 36, 0]
[0, 3, 0, 0, 0, 0, 0, 1, 0, 39]
366 16
PERFORMANCE for K=3: 
[0.9581151832460733]
[72, 0, 0, 0, 0, 0, 1, 0, 0, 0]
[0, 81, 2, 0, 0, 0, 0, 0, 0, 1]
[0, 0, 75, 0, 0, 0, 0, 0, 0, 0]
[0, 0, 0, 72, 0, 0, 0, 0, 0, 1]
[0, 0, 0, 0, 73, 0, 0, 0, 0, 4]
[0, 0, 0, 0, 0, 72, 0, 0, 0, 2]
[0, 0, 0, 0, 0, 0, 78, 0, 0, 0]
[0, 1, 0, 0, 0, 0, 0, 82, 0, 0]
[0, 2, 0, 0, 1, 0, 0, 0, 64, 0]
[0, 3, 0, 0, 0, 0, 0, 1, 0, 76]
379 3
PERFORMANCE for K=3: 
[0.9581151832460733, 0.9921465968586387]
[110, 0, 0, 0, 0, 0, 1, 0, 0, 0]
[0, 117, 2, 0, 0, 0, 0, 0, 0, 1]
[0, 0, 116, 0, 0, 0, 0, 0, 0, 0]
[0, 0, 0, 107, 0, 1, 0, 0, 0, 1]
[0, 0, 0, 0, 109, 0, 1, 0, 0, 4]
[0, 0, 0, 0, 0, 114, 0, 0, 0, 2]
[0, 0, 0, 0, 0, 0, 114, 0, 0, 0]
[0, 2, 0, 0, 0, 0, 0, 117, 0, 0]
[0, 4, 0, 0, 1, 0, 0, 0, 102, 0]
[0, 3, 0, 0, 0, 0, 0, 1, 0, 116]
377 5
PERFORMANCE for K=3: 
[0.9581151832460733, 0.9921465968586387, 0.9869109947643979]
[145, 0, 0, 0, 0, 0, 1, 0, 0, 0]
[0, 157, 2, 0, 0, 0, 0, 0, 0, 1]
[0, 0, 154, 0, 0, 0, 0, 0, 0, 0]
[0, 0, 0, 149, 0, 1, 0, 0, 0, 1]
[0, 0, 0, 0, 145, 0, 1, 0, 0, 4]
[0, 0, 0, 0, 0, 149, 0, 0, 0, 5]
[0, 0, 0, 0, 0, 0, 153, 0, 0, 0]
[0, 2, 0, 0, 0, 0, 0, 159, 0, 0]
[0, 5, 0, 1, 1, 0, 0, 0, 135, 0]
[0, 3, 0, 0, 1, 0, 0, 2, 0, 151]
375 7
PERFORMANCE for K=3: 
[0.9581151832460733, 0.9921465968586387, 0.9869109947643979, 0.981675392670157]
[184, 0, 0, 0, 1, 0, 1, 0, 0, 0]
[0, 192, 2, 0, 0, 0, 0, 0, 0, 1]
[0, 0, 193, 0, 0, 0, 0, 0, 1, 0]
[0, 0, 0, 195, 0, 1, 0, 0, 0, 1]
[0, 0, 0, 0, 179, 0, 1, 1, 0, 4]
[0, 0, 0, 1, 0, 175, 0, 0, 0, 6]
[0, 2, 0, 0, 0, 0, 191, 0, 0, 0]
[0, 2, 0, 0, 0, 0, 0, 197, 0, 0]
[0, 7, 0, 1, 1, 0, 0, 0, 169, 0]
[0, 3, 0, 1, 1, 0, 0, 2, 0, 194]
372 10
PERFORMANCE for K=3: 
[0.9581151832460733, 0.9921465968586387, 0.9869109947643979, 0.981675392670157, 0.9738219895287958]
[226, 0, 0, 0, 1, 0, 1, 0, 0, 0]
[0, 233, 2, 0, 0, 0, 0, 0, 0, 1]
[0, 0, 234, 0, 0, 0, 0, 0, 1, 0]
[0, 0, 0, 231, 0, 1, 0, 0, 0, 2]
[0, 0, 0, 0, 221, 0, 1, 1, 0, 4]
[0, 0, 0, 1, 0, 217, 0, 0, 0, 6]
[0, 2, 0, 0, 0, 0, 223, 0, 0, 0]
[0, 2, 0, 0, 0, 0, 0, 232, 0, 0]
[0, 7, 0, 1, 1, 0, 1, 0, 208, 0]
[0, 3, 0, 1, 1, 0, 0, 2, 0, 224]
380 2
PERFORMANCE for K=3: 
[0.9581151832460733, 0.9921465968586387, 0.9869109947643979, 0.981675392670157, 0.9738219895287958, 0.9947643979057592]
[259, 0, 0, 0, 1, 0, 1, 0, 0, 0]
[0, 273, 2, 0, 0, 0, 0, 0, 0, 1]
[0, 0, 268, 0, 0, 0, 0, 0, 1, 0]
[0, 0, 0, 262, 0, 1, 0, 0, 0, 3]
[0, 0, 0, 0, 270, 0, 1, 1, 0, 4]
[0, 0, 0, 2, 0, 256, 0, 0, 0, 6]
[0, 2, 0, 0, 0, 0, 262, 0, 0, 0]
[0, 2, 0, 0, 0, 0, 0, 274, 0, 0]
[0, 8, 0, 1, 1, 0, 1, 0, 237, 0]
[0, 3, 0, 1, 1, 1, 0, 2, 0, 266]
378 4
PERFORMANCE for K=3: 
[0.9581151832460733, 0.9921465968586387, 0.9869109947643979, 0.981675392670157, 0.9738219895287958, 0.9947643979057592, 0.9895287958115183]
[290, 0, 0, 0, 1, 0, 1, 0, 0, 0]
[0, 308, 2, 0, 0, 0, 0, 1, 0, 2]
[0, 0, 304, 0, 0, 0, 0, 0, 1, 0]
[0, 0, 0, 303, 0, 1, 0, 0, 0, 3]
[0, 0, 0, 0, 305, 0, 1, 1, 0, 4]
[0, 0, 0, 2, 0, 302, 0, 0, 0, 7]
[0, 2, 0, 0, 0, 0, 304, 0, 0, 0]
[0, 2, 0, 0, 0, 0, 0, 312, 0, 0]
[0, 8, 0, 1, 1, 0, 1, 0, 281, 0]
[0, 3, 0, 1, 1, 1, 0, 2, 0, 297]
379 3
PERFORMANCE for K=3: 
[0.9581151832460733, 0.9921465968586387, 0.9869109947643979, 0.981675392670157, 0.9738219895287958, 0.9947643979057592, 0.9895287958115183, 0.9921465968586387]
[331, 0, 0, 0, 1, 0, 1, 0, 0, 0]
[0, 345, 2, 0, 0, 0, 0, 1, 0, 2]
[0, 0, 339, 0, 0, 0, 0, 0, 1, 0]
[0, 1, 0, 340, 0, 1, 0, 0, 0, 4]
[0, 0, 0, 0, 340, 0, 2, 1, 0, 4]
[0, 0, 0, 2, 0, 334, 0, 0, 0, 7]
[0, 2, 0, 0, 0, 0, 342, 0, 0, 0]
[0, 2, 0, 0, 0, 0, 0, 350, 0, 0]
[0, 10, 0, 1, 1, 0, 1, 0, 321, 0]
[0, 3, 0, 1, 1, 1, 0, 2, 0, 341]
377 5
PERFORMANCE for K=3: 
[0.9581151832460733, 0.9921465968586387, 0.9869109947643979, 0.981675392670157, 0.9738219895287958, 0.9947643979057592, 0.9895287958115183, 0.9921465968586387, 0.9869109947643979]
[374, 0, 0, 0, 1, 0, 1, 0, 0, 0]
[0, 384, 2, 0, 0, 0, 0, 1, 0, 2]
[0, 0, 378, 1, 0, 0, 0, 0, 1, 0]
[0, 1, 0, 382, 0, 1, 0, 0, 0, 5]
[0, 0, 0, 0, 380, 0, 2, 1, 0, 4]
[0, 0, 0, 2, 0, 367, 0, 0, 0, 7]
[0, 2, 0, 0, 0, 0, 373, 0, 0, 0]
[0, 2, 0, 1, 1, 0, 0, 382, 0, 0]
[0, 11, 0, 1, 1, 0, 1, 0, 365, 1]
[0, 3, 0, 3, 1, 1, 0, 2, 1, 371]
373 9
PERFORMANCE for K=3: 
[0.9581151832460733, 0.9921465968586387, 0.9869109947643979, 0.981675392670157, 0.9738219895287958, 0.9947643979057592, 0.9895287958115183, 0.9921465968586387, 0.9869109947643979, 0.9764397905759162]
PERFORMANCE AVERAGE: 0.983246
[33, 0, 0, 0, 0, 0, 1, 0, 0, 0]
[0, 38, 0, 0, 0, 0, 0, 0, 0, 1]
[0, 0, 38, 0, 0, 0, 0, 0, 0, 0]
[0, 0, 0, 36, 0, 0, 0, 0, 0, 0]
[0, 0, 0, 0, 45, 0, 0, 0, 0, 3]
[0, 0, 0, 0, 0, 33, 0, 0, 0, 1]
[0, 0, 0, 0, 0, 0, 32, 0, 0, 0]
[0, 1, 0, 0, 0, 0, 0, 38, 0, 0]
[0, 1, 0, 0, 0, 0, 0, 0, 38, 0]
[0, 2, 0, 0, 1, 0, 0, 1, 0, 39]
370 12
PERFORMANCE for K=5: 
[0.9685863874345549]
[72, 0, 0, 0, 0, 0, 1, 0, 0, 0]
[0, 81, 2, 0, 0, 0, 0, 0, 0, 1]
[0, 0, 75, 0, 0, 0, 0, 0, 0, 0]
[0, 0, 0, 73, 0, 0, 0, 0, 0, 0]
[0, 0, 0, 0, 74, 0, 0, 0, 0, 3]
[0, 0, 0, 0, 0, 71, 0, 0, 0, 3]
[0, 0, 0, 0, 0, 0, 78, 0, 0, 0]
[0, 1, 0, 0, 0, 0, 0, 82, 0, 0]
[0, 1, 0, 0, 0, 0, 0, 0, 66, 0]
[0, 2, 0, 0, 1, 0, 0, 1, 0, 76]
378 4
PERFORMANCE for K=5: 
[0.9685863874345549, 0.9895287958115183]
[110, 0, 0, 0, 0, 0, 1, 0, 0, 0]
[0, 117, 2, 0, 0, 0, 0, 0, 0, 1]
[0, 0, 116, 0, 0, 0, 0, 0, 0, 0]
[0, 0, 0, 108, 0, 1, 0, 0, 0, 0]
[0, 0, 0, 0, 110, 0, 1, 0, 0, 3]
[0, 0, 0, 0, 0, 113, 0, 0, 0, 3]
[0, 0, 0, 0, 0, 0, 114, 0, 0, 0]
[0, 2, 0, 0, 0, 0, 0, 117, 0, 0]
[0, 4, 0, 0, 0, 0, 0, 0, 103, 0]
[0, 2, 0, 0, 1, 0, 0, 1, 0, 116]
376 6
PERFORMANCE for K=5: 
[0.9685863874345549, 0.9895287958115183, 0.9842931937172775]
[145, 0, 0, 0, 0, 0, 1, 0, 0, 0]
[0, 157, 2, 0, 0, 0, 0, 0, 0, 1]
[0, 0, 154, 0, 0, 0, 0, 0, 0, 0]
[0, 0, 0, 150, 0, 1, 0, 0, 0, 0]
[0, 0, 0, 0, 146, 0, 1, 0, 0, 3]
[0, 0, 0, 0, 0, 148, 0, 0, 0, 6]
[0, 0, 0, 0, 0, 0, 153, 0, 0, 0]
[0, 2, 0, 0, 0, 0, 0, 159, 0, 0]
[0, 5, 0, 1, 0, 0, 0, 0, 136, 0]
[0, 2, 0, 0, 2, 0, 0, 1, 0, 152]
376 6
PERFORMANCE for K=5: 
[0.9685863874345549, 0.9895287958115183, 0.9842931937172775, 0.9842931937172775]
[184, 0, 0, 0, 1, 0, 1, 0, 0, 0]
[0, 192, 2, 0, 0, 0, 0, 0, 0, 1]
[0, 1, 193, 0, 0, 0, 0, 0, 0, 0]
[0, 0, 0, 196, 0, 1, 0, 0, 0, 0]
[0, 0, 0, 0, 180, 0, 1, 1, 0, 3]
[0, 0, 0, 1, 0, 175, 0, 0, 0, 6]
[0, 2, 0, 0, 0, 0, 191, 0, 0, 0]
[0, 2, 0, 0, 0, 0, 0, 197, 0, 0]
[0, 7, 0, 1, 0, 0, 0, 0, 170, 0]
[0, 2, 0, 1, 2, 0, 0, 1, 0, 195]
373 9
PERFORMANCE for K=5: 
[0.9685863874345549, 0.9895287958115183, 0.9842931937172775, 0.9842931937172775, 0.9764397905759162]
[226, 0, 0, 0, 1, 0, 1, 0, 0, 0]
[0, 233, 2, 0, 0, 0, 0, 0, 0, 1]
[0, 1, 234, 0, 0, 0, 0, 0, 0, 0]
[0, 0, 0, 232, 0, 1, 0, 0, 0, 1]
[0, 0, 0, 0, 221, 0, 1, 1, 0, 4]
[0, 0, 0, 1, 0, 217, 0, 0, 0, 6]
[0, 2, 0, 0, 0, 0, 223, 0, 0, 0]
[0, 2, 0, 0, 0, 0, 0, 232, 0, 0]
[0, 7, 0, 1, 0, 0, 0, 0, 210, 0]
[0, 3, 0, 1, 2, 0, 0, 1, 0, 224]
379 3
PERFORMANCE for K=5: 
[0.9685863874345549, 0.9895287958115183, 0.9842931937172775, 0.9842931937172775, 0.9764397905759162, 0.9921465968586387]
[259, 0, 0, 0, 1, 0, 1, 0, 0, 0]
[0, 273, 2, 0, 0, 0, 0, 0, 0, 1]
[0, 1, 268, 0, 0, 0, 0, 0, 0, 0]
[0, 0, 0, 262, 0, 1, 0, 0, 1, 2]
[1, 0, 0, 0, 269, 0, 1, 1, 0, 4]
[0, 0, 0, 2, 0, 256, 0, 0, 0, 6]
[0, 2, 0, 0, 0, 0, 262, 0, 0, 0]
[0, 2, 0, 0, 0, 0, 0, 274, 0, 0]
[0, 8, 0, 1, 0, 0, 0, 0, 239, 0]
[0, 3, 0, 1, 2, 0, 0, 2, 0, 266]
376 6
PERFORMANCE for K=5: 
[0.9685863874345549, 0.9895287958115183, 0.9842931937172775, 0.9842931937172775, 0.9764397905759162, 0.9921465968586387, 0.9842931937172775]
[290, 0, 0, 0, 1, 0, 1, 0, 0, 0]
[0, 308, 2, 0, 0, 0, 0, 1, 0, 2]
[0, 1, 304, 0, 0, 0, 0, 0, 0, 0]
[0, 0, 0, 303, 0, 1, 0, 0, 1, 2]
[1, 0, 0, 0, 304, 0, 1, 1, 0, 4]
[0, 0, 0, 2, 0, 302, 0, 0, 0, 7]
[0, 2, 0, 0, 0, 0, 304, 0, 0, 0]
[0, 2, 0, 0, 0, 0, 0, 312, 0, 0]
[0, 8, 0, 1, 0, 0, 0, 0, 283, 0]
[0, 3, 0, 1, 2, 1, 0, 2, 0, 296]
378 4
PERFORMANCE for K=5: 
[0.9685863874345549, 0.9895287958115183, 0.9842931937172775, 0.9842931937172775, 0.9764397905759162, 0.9921465968586387, 0.9842931937172775, 0.9895287958115183]
[331, 0, 0, 0, 1, 0, 1, 0, 0, 0]
[0, 345, 2, 0, 0, 0, 0, 1, 0, 2]
[0, 1, 339, 0, 0, 0, 0, 0, 0, 0]
[0, 1, 0, 339, 0, 1, 0, 1, 1, 3]
[1, 0, 0, 0, 339, 0, 2, 1, 0, 4]
[0, 0, 0, 2, 0, 334, 0, 0, 0, 7]
[0, 2, 0, 0, 0, 0, 342, 0, 0, 0]
[0, 2, 0, 0, 0, 0, 0, 350, 0, 0]
[0, 11, 0, 1, 0, 0, 0, 0, 322, 0]
[0, 3, 0, 1, 2, 1, 0, 2, 0, 340]
375 7
PERFORMANCE for K=5: 
[0.9685863874345549, 0.9895287958115183, 0.9842931937172775, 0.9842931937172775, 0.9764397905759162, 0.9921465968586387, 0.9842931937172775, 0.9895287958115183, 0.981675392670157]
[374, 0, 0, 0, 1, 0, 1, 0, 0, 0]
[0, 384, 2, 0, 0, 0, 0, 1, 0, 2]
[0, 1, 379, 0, 0, 0, 0, 0, 0, 0]
[0, 1, 0, 381, 0, 1, 0, 1, 1, 4]
[1, 0, 0, 0, 379, 0, 2, 1, 0, 4]
[0, 0, 0, 2, 0, 367, 0, 0, 0, 7]
[0, 2, 0, 0, 0, 0, 373, 0, 0, 0]
[0, 2, 0, 1, 1, 0, 0, 382, 0, 0]
[0, 12, 0, 1, 0, 1, 0, 0, 365, 1]
[0, 3, 0, 3, 2, 1, 0, 2, 1, 370]
373 9
PERFORMANCE for K=5: 
[0.9685863874345549, 0.9895287958115183, 0.9842931937172775, 0.9842931937172775, 0.9764397905759162, 0.9921465968586387, 0.9842931937172775, 0.9895287958115183, 0.981675392670157, 0.9764397905759162]
PERFORMANCE AVERAGE: 0.982723
